0 39.7866 
0.04 38.989 
0.08 38.1974 
0.12 37.4058 
0.16 36.6141 
0.2 35.8225 
0.24 35.0309 
0.28 34.2393 
0.32 33.4476 
0.36 32.656 
0.4 31.8644 
0.44 31.0728 
0.48 30.2812 
0.52 29.5088 
0.56 28.7172 
0.6 27.9256 
0.64 27.134 
0.68 26.3423 
0.72 25.5507 
0.76 24.7591 
0.8 23.9675 
0.84 23.1759 
0.88 22.3842 
0.92 21.5926 
0.96 20.801 
1 19.9993 
1.04 9.49483 
1.08 9.09901 
1.12 8.7032 
1.16 8.30739 
1.2 7.91158 
1.24 7.51577 
1.28 7.11996 
1.32 6.72415 
1.36 6.32834 
1.4 5.93252 
1.44 5.53671 
1.48 5.1409 
1.52 4.75475 
1.56 4.35893 
1.6 3.96312 
1.64 3.56731 
1.68 3.1715 
1.72 2.77569 
1.76 2.37988 
1.8 1.98407 
1.84 1.58826 
1.88 1.19244 
1.92 0.796633 
1.96 0.400822 
2 0
